{
  "id": 86,
  "x": -9.837625503540039,
  "y": 79.90406036376953,
  "z": 0.699999988079071,
  "yaw": 89.99998474121094,
  "timestamp": 1765882613
}